00:
-0.137478 0.060616 -0.988648 -0.158928
-0.239117 0.966573 0.092513 -0.111765
0.961209 0.249121 -0.118388 -0.647984
0.000000 0.000000 0.000000 1.000000
01:
-0.034509 0.010133 -0.999353 0.007649
-0.245602 0.969198 0.018308 -0.120792
0.968756 0.246075 -0.030957 -0.637498
0.000000 0.000000 0.000000 1.000000
02:
0.043435 0.065226 -0.996925 -0.176171
-0.329821 0.942857 0.047319 -0.036621
0.943044 0.326751 0.062466 -0.917740
0.000000 0.000000 0.000000 1.000000
03:
0.119399 0.040582 -0.992017 -0.076110
-0.361891 0.932204 -0.005422 0.001545
0.924543 0.359649 0.125991 -1.044820
0.000000 0.000000 0.000000 1.000000
04:
0.101863 0.070617 -0.992290 -0.204954
-0.331760 0.942785 0.033037 -0.041224
0.937848 0.325837 0.119463 -0.900231
0.000000 0.000000 0.000000 1.000000
05:
0.030272 -0.008676 -0.999506 0.152386
0.111565 0.993750 -0.005248 -0.262862
0.993292 -0.111348 0.031051 1.079082
0.000000 0.000000 0.000000 1.000000
06:
0.030272 -0.008676 -0.999506 0.152386
0.111565 0.993750 -0.005248 -0.262863
0.993292 -0.111348 0.031051 1.079082
0.000000 0.000000 0.000000 1.000000
07:
0.034258 0.169711 -0.984899 -0.623678
-0.328685 0.932570 0.149261 0.027720
0.943819 0.318608 0.087730 -0.877236
0.000000 0.000000 0.000000 1.000000
08:
0.066814 0.909654 -0.409956 -3.385586
-0.807710 0.290534 0.513027 2.816524
0.585787 0.296847 0.754146 -0.485222
0.000000 0.000000 0.000000 1.000000
09:
-0.361411 0.900236 -0.242810 -3.205848
0.355296 0.373731 0.856792 3.046756
0.862058 0.223383 -0.454924 -1.592903
-0.000000 0.000000 0.000000 1.000000
10:
-0.221905 0.968053 -0.116740 -3.237906
0.499844 0.215734 0.838820 3.671545
0.837205 0.127786 -0.531752 -1.346449
0.000000 0.000000 0.000000 1.000000
11:
-0.684491 0.728489 0.027784 -2.020995
0.229699 0.179336 0.956600 4.028735
0.691891 0.661160 -0.290091 -3.042680
0.000000 0.000000 0.000000 1.000000
12:
-0.602343 0.766448 -0.223013 -2.677333
0.300914 0.476794 0.825908 2.568666
0.739347 0.430365 -0.517832 -2.570610
0.000000 0.000000 0.000000 1.000000
13:
-0.646388 0.744811 0.165623 -1.769192
0.669720 0.449816 0.590891 2.155766
0.365606 0.492859 -0.789571 -3.366710
0.000000 0.000000 0.000000 1.000000
14:
-0.646388 0.744811 0.165623 -1.769192
0.669720 0.449816 0.590891 2.155766
0.365606 0.492858 -0.789571 -3.366710
0.000000 0.000000 0.000000 1.000000
15:
-0.206095 0.798500 0.565614 -1.182885
0.297785 -0.499430 0.813570 6.450819
0.932120 0.336106 -0.134855 -1.365951
0.000000 0.000000 0.000000 1.000000
16:
-0.278041 -0.018500 0.960390 2.883016
0.214010 -0.975879 0.043159 6.628522
0.936425 0.217537 0.275294 -0.002409
0.000000 0.000000 0.000000 1.000000
17:
-0.350623 -0.676518 0.647598 4.700329
0.201744 -0.729825 -0.653190 4.049287
0.914528 -0.098372 0.392380 1.494305
0.000000 0.000000 0.000000 1.000000
18:
-0.350623 -0.676518 0.647598 4.700330
0.201744 -0.729825 -0.653190 4.049287
0.914528 -0.098372 0.392380 1.494306
0.000000 0.000000 0.000000 1.000000
19:
0.435059 -0.056777 -0.898610 0.340356
-0.252732 0.950189 -0.182395 -0.038696
0.864205 0.306461 0.399039 -0.868298
0.000000 0.000000 0.000000 1.000000
20:
0.762150 -0.621112 -0.182619 2.340738
0.296756 0.585867 -0.754119 1.775173
0.575382 0.520559 0.630836 -1.881598
0.000000 0.000000 0.000000 1.000000
21:
0.483026 -0.691164 0.537568 1.733125
0.823391 0.567380 -0.010357 1.038402
-0.297847 0.447632 0.843157 -1.954672
0.000000 0.000000 0.000000 1.000000
22:
0.242575 -0.839624 0.485996 2.388163
0.915210 0.364222 0.172432 1.549158
-0.321788 0.402962 0.856783 -1.801933
0.000000 0.000000 0.000000 1.000000
23:
0.572873 -0.579872 0.579285 1.180432
0.763766 0.634141 -0.120537 1.009277
-0.297445 0.511492 0.806163 -2.142224
0.000000 0.000000 0.000000 1.000000
24:
0.520288 -0.740493 0.425418 2.135924
0.845913 0.515228 -0.137747 1.519388
-0.117180 0.431535 0.894454 -2.002932
0.000000 0.000000 0.000000 1.000000
25:
0.118460 -0.815519 0.566485 2.166902
0.920309 0.304381 0.245733 1.550102
-0.372819 0.492230 0.786585 -2.000809
0.000000 0.000000 0.000000 1.000000
26:
0.118460 -0.815519 0.566485 2.166902
0.920309 0.304381 0.245733 1.550102
-0.372819 0.492230 0.786585 -2.000809
0.000000 0.000000 0.000000 1.000000
27:
0.284010 -0.441986 0.850877 0.050955
0.925526 0.358199 -0.122863 2.177744
-0.250479 0.822402 0.510799 -2.771127
0.000000 0.000000 0.000000 1.000000
28:
0.382436 0.637856 0.668496 -3.793455
0.894304 -0.073636 -0.441359 4.566099
-0.232298 0.766628 -0.598598 -0.140300
0.000000 0.000000 0.000000 1.000000
29:
0.437860 0.879732 -0.185349 -2.751756
0.857390 -0.470629 -0.208305 5.567466
-0.270482 -0.067708 -0.960342 3.940148
0.000000 0.000000 0.000000 1.000000
30:
0.437860 0.879732 -0.185349 -2.751757
0.857390 -0.470629 -0.208305 5.567467
-0.270482 -0.067708 -0.960342 3.940148
0.000000 0.000000 0.000000 1.000000
31:
-0.027037 0.018534 -0.999466 -0.042765
0.838608 0.544565 -0.012538 1.052395
0.544010 -0.838545 -0.030239 2.272869
0.000000 0.000000 0.000000 1.000000
32:
-0.091621 -0.009724 -0.995755 -0.000908
-0.721393 0.689876 0.059589 0.885477
0.686567 0.723733 -0.070191 0.046240
0.000000 0.000000 0.000000 1.000000
33:
-0.071382 -0.017906 -0.997296 0.001983
-0.744601 0.666151 0.041284 0.883205
0.663808 0.745480 -0.060852 0.042595
0.000000 0.000000 0.000000 1.000000
34:
-0.071446 -0.017648 -0.997296 0.002002
-0.742189 0.668836 0.041284 0.882547
0.666497 0.743077 -0.060852 0.041829
0.000000 0.000000 0.000000 1.000000
35:
-0.071446 -0.017648 -0.997296 0.002002
-0.742189 0.668836 0.041284 0.882547
0.666497 0.743077 -0.060852 0.041829
0.000000 0.000000 0.000000 1.000000
36:
-0.373041 -0.060246 -0.925840 0.136593
-0.236094 0.971206 0.031923 -0.108806
0.897299 0.230496 -0.376503 -0.536687
0.000000 0.000000 0.000000 1.000000
37:
-0.209023 -0.131499 -0.969021 0.249131
-0.575689 0.817552 0.013218 0.114106
0.790546 0.560604 -0.246565 -1.039437
0.000000 0.000000 0.000000 1.000000
38:
-0.058943 -0.097839 -0.993454 0.262170
-0.335242 0.939313 -0.072634 0.134036
0.940301 0.328781 -0.088128 -1.022692
0.000000 0.000000 0.000000 1.000000
39:
-0.080112 -0.031149 -0.996299 0.269142
-0.075457 0.996816 -0.025115 0.050646
0.993946 0.073166 -0.082170 -1.040575
0.000000 0.000000 0.000000 1.000000
40:
-0.080112 -0.031149 -0.996299 0.269142
-0.075457 0.996816 -0.025115 0.050646
0.993946 0.073166 -0.082170 -1.040575
0.000000 0.000000 0.000000 1.000000