00:
-0.137465 0.060611 -0.988649 -0.158913
-0.239095 0.966577 0.092506 -0.111772
0.961213 0.249098 -0.118377 -0.647918
0.000000 0.000000 0.000000 1.000000
01:
-0.034500 0.010130 -0.999352 0.007658
-0.245578 0.969200 0.018305 -0.120798
0.968759 0.246052 -0.030948 -0.637433
0.000000 0.000000 0.000000 1.000000
02:
0.043436 0.065219 -0.996924 -0.176147
-0.329790 0.942864 0.047315 -0.036641
0.943050 0.326721 0.062465 -0.917651
0.000000 0.000000 0.000000 1.000000
03:
0.119394 0.040577 -0.992016 -0.076093
-0.361858 0.932213 -0.005419 0.001518
0.924551 0.359617 0.125985 -1.044721
0.000000 0.000000 0.000000 1.000000
04:
0.101858 0.070610 -0.992289 -0.204934
-0.331724 0.942793 0.033039 -0.041248
0.937856 0.325802 0.119456 -0.900123
0.000000 0.000000 0.000000 1.000000
05:
0.030285 -0.008662 -0.999502 0.152310
0.111497 0.993730 -0.005240 -0.262760
0.993270 -0.111280 0.031070 1.078724
0.000000 0.000000 0.000000 1.000000
06:
0.030285 -0.008662 -0.999502 0.152310
0.111497 0.993730 -0.005240 -0.262761
0.993270 -0.111280 0.031070 1.078724
0.000000 0.000000 0.000000 1.000000
07:
0.034242 0.169702 -0.984888 -0.623648
-0.328648 0.932569 0.149250 0.027732
0.943817 0.318563 0.087717 -0.877085
0.000000 0.000000 0.000000 1.000000
08:
0.066735 0.909347 -0.410245 -3.384480
-0.807366 0.290880 0.512980 2.815108
0.586031 0.296808 0.753713 -0.485286
0.000000 0.000000 0.000000 1.000000
09:
-0.361506 0.899930 -0.242866 -3.204469
0.354767 0.374015 0.856209 3.044838
0.861524 0.223386 -0.454672 -1.592427
-0.000000 0.000000 0.000000 1.000000
10:
-0.222307 0.967673 -0.116846 -3.236361
0.499242 0.216318 0.838314 3.668543
0.836641 0.128047 -0.531456 -1.346940
0.000000 0.000000 0.000000 1.000000
11:
-0.684622 0.728011 0.027517 -2.019347
0.228931 0.179675 0.956094 4.026714
0.691248 0.661020 -0.289888 -3.041734
0.000000 0.000000 0.000000 1.000000
12:
-0.602566 0.765903 -0.223048 -2.674945
0.300178 0.477023 0.825317 2.566915
0.738660 0.430411 -0.517602 -2.570359
0.000000 0.000000 0.000000 1.000000
13:
-0.646597 0.744246 0.165661 -1.766575
0.668768 0.450044 0.590774 2.155032
0.365129 0.492862 -0.789020 -3.365628
0.000000 0.000000 0.000000 1.000000
14:
-0.646597 0.744246 0.165661 -1.766575
0.668768 0.450044 0.590774 2.155032
0.365129 0.492862 -0.789020 -3.365627
0.000000 0.000000 0.000000 1.000000
15:
-0.206481 0.798405 0.564703 -1.184098
0.297390 -0.498072 0.813497 6.445623
0.931456 0.335995 -0.134769 -1.365388
0.000000 0.000000 0.000000 1.000000
16:
-0.278317 -0.017684 0.959754 2.878839
0.213613 -0.975002 0.044301 6.627870
0.935757 0.217471 0.275162 -0.002502
0.000000 0.000000 0.000000 1.000000
17:
-0.350836 -0.675421 0.647748 4.696896
0.201268 -0.730015 -0.651725 4.053528
0.913874 -0.098258 0.392200 1.493402
0.000000 0.000000 0.000000 1.000000
18:
-0.350836 -0.675421 0.647748 4.696897
0.201268 -0.730015 -0.651724 4.053529
0.913874 -0.098258 0.392200 1.493402
0.000000 0.000000 0.000000 1.000000
19:
0.435073 -0.056786 -0.898578 0.340381
-0.252692 0.950166 -0.182340 -0.038596
0.864176 0.306381 0.399028 -0.868002
0.000000 0.000000 0.000000 1.000000
20:
0.762065 -0.620989 -0.182778 2.340307
0.296598 0.585979 -0.753949 1.774650
0.575411 0.520449 0.630779 -1.881149
0.000000 0.000000 0.000000 1.000000
21:
0.483153 -0.691024 0.537380 1.732687
0.823133 0.567508 -0.010458 1.038117
-0.297726 0.447522 0.843131 -1.954250
0.000000 0.000000 0.000000 1.000000
22:
0.242824 -0.839425 0.485893 2.387355
0.914965 0.364491 0.172269 1.548418
-0.321712 0.402863 0.856729 -1.801511
0.000000 0.000000 0.000000 1.000000
23:
0.573015 -0.579659 0.579079 1.179756
0.763429 0.634259 -0.120706 1.009150
-0.297324 0.511405 0.806115 -2.141860
0.000000 0.000000 0.000000 1.000000
24:
0.520442 -0.740278 0.425224 2.135218
0.845586 0.515422 -0.137855 1.518839
-0.117081 0.431437 0.894380 -2.002473
0.000000 0.000000 0.000000 1.000000
25:
0.118725 -0.815354 0.566381 2.166198
0.920109 0.304638 0.245509 1.549537
-0.372724 0.492109 0.786554 -2.000346
0.000000 0.000000 0.000000 1.000000
26:
0.118725 -0.815355 0.566381 2.166198
0.920109 0.304638 0.245509 1.549536
-0.372724 0.492109 0.786554 -2.000347
0.000000 0.000000 0.000000 1.000000
27:
0.284250 -0.441945 0.850568 0.051201
0.925265 0.358334 -0.123081 2.177655
-0.250413 0.822184 0.510852 -2.770450
0.000000 0.000000 0.000000 1.000000
28:
0.382642 0.637558 0.668343 -3.792218
0.894018 -0.073777 -0.441538 4.567007
-0.232219 0.766603 -0.598379 -0.140740
0.000000 0.000000 0.000000 1.000000
29:
0.438052 0.879428 -0.185188 -2.751225
0.857090 -0.470835 -0.208274 5.568139
-0.270387 -0.067543 -0.960204 3.939158
0.000000 0.000000 0.000000 1.000000
30:
0.438052 0.879428 -0.185188 -2.751225
0.857090 -0.470835 -0.208274 5.568140
-0.270387 -0.067543 -0.960204 3.939158
0.000000 0.000000 0.000000 1.000000
31:
-0.027048 0.018510 -0.999277 -0.042653
0.838521 0.544400 -0.012553 1.052831
0.544031 -0.838494 -0.030212 2.272741
0.000000 0.000000 0.000000 1.000000
32:
-0.091410 -0.009707 -0.995579 -0.000859
-0.716916 0.689038 0.059348 0.886749
0.685731 0.719435 -0.070010 0.052327
0.000000 0.000000 0.000000 1.000000
33:
-0.071169 -0.017885 -0.997116 0.002032
-0.740107 0.665396 0.041136 0.884487
0.663047 0.741169 -0.060665 0.048693
0.000000 0.000000 0.000000 1.000000
34:
-0.071233 -0.017629 -0.997116 0.002051
-0.737699 0.668064 0.041136 0.883831
0.665720 0.738769 -0.060665 0.047932
0.000000 0.000000 0.000000 1.000000
35:
-0.071233 -0.017629 -0.997116 0.002051
-0.737699 0.668064 0.041136 0.883831
0.665720 0.738769 -0.060665 0.047932
0.000000 0.000000 0.000000 1.000000
36:
-0.278701 -0.069577 -0.239903 -0.005460
-0.213813 0.272815 -0.025997 1.782303
0.929483 0.060764 -0.191720 -0.125559
0.000000 0.000000 0.000000 1.000000
37:
-0.202567 -0.149676 -0.276825 0.117964
-0.293589 0.178915 -0.051139 1.922171
0.859460 0.402400 -0.061583 -0.644711
0.000000 0.000000 0.000000 1.000000
38:
-0.181199 -0.099199 -0.311880 0.119206
-0.222774 0.247019 -0.099050 1.927697
0.929595 0.164335 0.102446 -0.635213
0.000000 0.000000 0.000000 1.000000
39:
-0.200136 -0.032893 -0.314331 0.125460
-0.149502 0.301428 -0.085096 1.904272
0.939740 -0.091505 0.100592 -0.639111
0.000000 0.000000 0.000000 1.000000
40:
-0.200136 -0.032893 -0.314331 0.125460
-0.149502 0.301428 -0.085096 1.904272
0.939739 -0.091505 0.100592 -0.639111
0.000000 0.000000 0.000000 1.000000
